$ANSIBLE_VAULT;1.1;AES256
38353265343038663734633338303864363466626362323537376565393132326332326265353334
3132616134646233373134663165383435303465376532650a616164396231356531373638326664
62333462633063313736613632353834633063666636623339326339386339666666623034363965
6563336163636363300a303830653930626432616635353233393238323331303934626364303136
31666264383431366538316630393838323930343338393134313062356365396437363636653136
31313533393661353633393330636434343764623139323732366332353661656131313665386464
30363133383831323731623738623262646238303335353364353934643361383663656637626430
30663730316130656331663063393732653630653837333433633666643834373562646334366438
62383866333838336139353336386537383665313862633137666162646465323637316430633638
63613937373737613538313933646161373137616234303434323066373332663065356464353431
34653036636136383933333132316338653865366434393738646565333439613163653564646362
35663461373836366233356635613564663761353233613766633932623237663464616334303265
39616666326434633166306236356439653539323539303432646139346337636232383436333837
61656634623537343065363538613564376363636234363532333735363838666661613630393361
31663337303230653663373863333036363863616533313931396537393437373334636262393131
36663961663335336534636265333535656562393530663239653066353630666265633037653630
66306233366432666338393862633037663666343032303736396231383034663634616362653036
62366530313830613965646463393865626439376235636237633436346466336463616335336366
33373331326363363938623965373962316436623736373738326464366461343264306466386331
30333466326538623065336566616562613562306639623237363764633765326636303066303031
33343137663065386465643431373233343862323861383634626531613635353835303533633765
30626134316335313834613261303962643665326265353761356139353439373830393663346234
38383430616262656238343333313733303037313266636432336163333232626237343666656335
64373237633762323832313862613030363238633330346238363936363264313737343862626666
61373763303732636131343432646339373162386564356639613061373934353336
